  0 11 16  7  4  0 11  9 12 15 16 10  0  7  8  0
  5  4 17  7  9  1  8  2  1 18  4 16  9  8  2  7
  7  1  1 10 20  0  1 15 20 14  6 15  8  3 15 12
  7  9  2 15 16 19 13  7 11 17 17  5  2 16  3 17
 16  4 11  6  7  4 18  5 13  2 14  2 11 11 17  9
 15 12 18  8  0  9 10 15 19  5  9  5  7  4 13  6
 18 14  6  1 11 13  3  6 13 17  0 16 11  1  0 12
 15 16 15 15 18 20  6  8 11  7 14 14  9  4 16 19
 12  9  2  3 12 18 16 16 12 20  8  3  5 17 16 15
  3  6  3 13 12 15  5  6  6 18  0  5  5  9 11  5
 11 17  3  4  4  9  5 16  8 17 19 10  8 16  1 12
 17  2 13 19 10 10 19  0 17  8  2 12 12 20 17 14
  5 12 13 15  7 17  6  5  9  2 18 19  8  7  4  0
 19  8  7  8  5 16  8  3 10  7 17  2  9  9 20  9
  0  2  5  9 19 11 15  1 16 19  5  8 12  1 18 18
 10  0  7  8  7 20  6  0 18 18 18 15  0 14  8  1
