 19  5 18 16  1  9  6 13 10 19  6  8 19 20  3 18
 13  0 17 18 19 18  1 14  9  5 13  5 19  5  0  9
  0 16 16 15  1 13 15  9 19  5 15  3 16  0 14 14
  8  3 14  8 15 20 16  0  4 12  1 19 17 14  5  9
 15 20  6 11  9  8 20  6  6 10  3  8 14 18  3  7
  7 17 15 13 13  1  8 16 10 19 12 19 10  4 12 14
 10  7 14  0  7 17 16  4 16 15  1  7  3 13  2  3
 19  6 16 10  6 19 12 20 10  8  6 15  0 10 15 13
  1  1  7  5 20 19  0  7 11 19 10 10 12  8  3 20
 14  9 10 15  7 16 19 11 12 14 10 13  8  3  9  7
  3  4  6  0 10  9  2 17  9  8  1  2 12 11  2 16
 10  2  0  8  9  0 18  0 14  7  7  4 16 13  6  9
 17 12 20  9 13 14 10 13 15 18 20  5 18 16 18  5
  7 18 15  7 18 16  6 15 13  0 13 15 17 20 18  1
 20 20  9 20  7  5 20 13  4  8  7  5  9 19 15 18
 17 19 13  9 14  0 16 14  6 11  5 18  6  1  7 17
