 19 13  0  8 15  7 10 19  1 14  3 10 17  7 20 17
  5  0 16  3 20 17  7  6  1  9  4  2 12 18 20 19
 18 17 16 14  6 15 14 16  7 10  6  0 20 15  9 13
 16 18 15  8 11 13  0 10  5 15  0  8  9  7 20  9
  1 19  1 15  9 13  7  6 20  7 10  9 13 18  7 14
  9 18 13 20  8  1 17 19 19 16  9  0 14 16  5  0
  6  1 15 16 20  8 16 12  0 19  2 18 10  6 20 16
 13 14  9  0  6 16  4 20  7 11 17  0 13 15 13 14
 10  9 19  4  6 10 16 10 11 12  9 14 15 13  4  6
 19  5  5 12 10 19 15  8 19 14  8  7 18  0  8 11
  6 13 15  1  3 12  1  6 10 10  1  7 20 13  7  5
  8  5  3 19  8 19  7 15 10 13  2  4  5 15  5 18
 19 19 16 17 14 10  3  0 12  8 12 16 18 17  9  6
 20  5  0 14 18  4 13 10  8  3 11 13 16 20 19  1
  3  0 14  5  3 12  2 15  3  9  2  6 18 18 15  7
 18  9 14  9  7 14  3 13 20  7 16  9  5  1 18 17
